2973x2802
3331.58
540.163
336.195
186.95
129.668
99.4447
81.0532
68.3235
58.271
51.3292
46.4723
41.6967
37.2285
33.6235
30.8013
28.5909
26.3813
24.85
23.2184
21.4066
19.9028
18.8838
17.8997
16.9219
15.8539
14.8715
14.0752
13.5121
12.9541
12.7361
12.291
11.6904
11.0219
10.338
9.7417
9.2738
9.06384
9.05908
8.50146
8.00391
7.61853
7.23303
6.97778
6.82153
6.68018
6.34631
6.10107
6.00391
5.92749
6.02734
6.07751
5.84839
5.68762
5.47974
5.36536
5.24915
5.33411
5.28516
5.10291
4.81348
4.65613
4.56372
4.29431
4.07141
4.04541
3.9873
3.89893
3.68311
3.5188
3.38562
3.31458
3.26196
3.26733
3.19971
3.15906
3.04761
2.9425
2.92017
2.89368
2.85376
2.90747
2.81531
2.75012
2.75562
2.67828
2.67035
2.61285
2.46289
2.35706
2.27521
2.24109
2.24164
2.20563
2.15045
2.14056
2.20392
2.34033
2.33459
2.22772
2.15393
2.11359
2.09668
2.01703
1.90948
1.81439
1.74133
1.70184
1.66089
1.60406
1.57758
1.55011
1.52789
1.53235
1.52301
1.52643
1.53906
 finished in 287.208s.
